291.860971524288
293.268006700168
294.546063651591
296.072026800670
297.134003350084
297.257956448911
296.484087102178
296.587939698492
295.737018425461
303.510887772194
306.314907872697
308.113902847571
309.582914572864
310.938023450586
311.190954773869
309.541038525963
310.190954773869
308.443886097152
318.530988274707
321.731993299833
325.118927973199
326.680067001675
328.670016750419
328.536013400335
326.871021775544
325.541038525963
323.005025125628
336.051926298157
340.495812395310
345.118927973199
348.469011725293
349.592964824121
349.664991624791
348.592964824121
344.484087102178
340.798994974874
353.974874371859
361.072026800670
369.257956448911
374.463986599665
376.525963149079
375.670016750419
372.855946398660
367.139028475712
359.597989949749
375.979899497487
386.257956448911
397.396984924623
405.329983249581
408.979899497487
406.453936348409
400.525963149079
391.814070351759
382.556113902848
398.123953098828
411.860971524288
426.825795644891
437.943048576214
443.783919597990
440.582914572864
431.144053601340
420.056951423786
404.860971524288
418.793969849246
436.850921273032
454.938023450586
470.185929648241
476
472.798994974874
461.185929648241
445.850921273032
427.536013400335