242.693467336683
262.750418760469
285.698492462312
309.760469011725
334.574539363484
358.703517587940
382.291457286432
403.281407035176
423.559463986600
232.889447236181
255.951423785595
280.651591289782
306.636515912898
333.904522613065
361.152428810720
387.693467336683
408.785594639866
432.415410385260
223.904522613065
246.894472361809
273.549413735343
303.105527638191
333.502512562814
363.626465661642
393.378559463987
417.740368509213
440.713567839196
211.765494137353
236.822445561139
265.507537688442
297.889447236181
332.430485762144
366.688442211055
399.172529313233
426.832495812395
451.564489112228
199.703517587940
224.450586264657
256.899497487437
292.966499162479
332.048576214405
370.698492462312
406.946398659967
436.023450586265
462.229480737018
188.080402010050
213.683417085427
247.775544388610
287.249581239531
330.249581239531
374.373534338358
414.703517587940
446.281407035176
473.152428810720
177.281407035176
202.507537688442
237.100502512563
280.837520938023
329.492462311558
377.946398659967
421.296482412060
456.626465661642
482.986599664992
168.080402010050
193.986599664992
229.765494137353
275.090452261307
327.358458961474
379.688442211055
425.693467336683
461.574539363484
489.966499162479